00000100000101000000000000010011
00000000000000000000000000000000
00000000000000000000000000000000
00000000000000000000000000000000
00000100000001010000001111101000
00000000000000000000000000000000
00000000000000000000000000000000
00000000000000000000000000000000
00000100000001100000000000000001
00000000000000000000000000000000
00000000000000000000000000000000
00000000000000000000000000000000
00001100101000010000000000000000
00000000000000000000000000000000
00000000000000000000000000000000
00000000000000000000000000000000
00000100101001010000000000000100
00000000000000000000000000000000
00000000000000000000000000000000
00000000000000000000000000000000
00001100101000100000000000000000
00000000000000000000000000000000
00000000000000000000000000000000
00000000000000000000000000000000
00000000001000100001100000010000
00000000000000000000000000000000
00000000000000000000000000000000
00000000000000000000000000000000
00010100011001100000000000000001
00000000000000000000000000000000
00000000000000000000000000000000
00000000000000000000000000000000
00011000000000000000000000101100
00000000000000000000000000000000
00000000000000000000000000000000
00000000000000000000000000000000
00000000000000100000100000000001
00000000000000000000000000000000
00000000000000000000000000000000
00000000000000000000000000000000
00000000110100110011100000000001
00000000000000000000000000000000
00000000000000000000000000000000
00000000000000000000000000000000
00000000110100111001100000000001
00000000000000000000000000000000
00000000000000000000000000000000
00000000000000000000000000000000
00010110011101000000000000000001
00000000000000000000000000000000
00000000000000000000000000000000
00000000000000000000000000000000
00011000000000000000000000010000
00000000000000000000000000000000
00000000000000000000000000000000
00000000000000000000000000000000
00010000000000010000011111010000
00000000000000000000000000000000
00000000000000000000000000000000
00000000000000000000000000000000
00010000000001110000011111010100
00000000000000000000000000000000
00000000000000000000000000000000
00000000000000000000000000000000